baseN <-
126
distN <-
124
baseK <-
c(21, 17, 84, 4)
distK <-
c(6, 9, 109, 0)
