baseN <-
285
closeN <-
272
distN <-
248
baseK <-
c(59, 145, 61, 20)
closeK <-
c(41, 223, 7, 1)
distK <-
c(21, 75, 140, 12)
